== S-a
0	nan	1000000000.0000	-1000000000.0000	nan	0.00000	0
1	nan	1000000000.0000	-1000000000.0000	nan	0.00000	0
2	nan	1000000000.0000	-1000000000.0000	nan	0.00000	0
3	nan	1000000000.0000	-1000000000.0000	nan	0.00000	0
== S-b
0	nan	1000000000.0000	-1000000000.0000	nan	0.00000	0
1	nan	1000000000.0000	-1000000000.0000	nan	0.00000	0
2	nan	1000000000.0000	-1000000000.0000	nan	0.00000	0
3	nan	1000000000.0000	-1000000000.0000	nan	0.00000	0
== S-c
0	nan	1000000000.0000	-1000000000.0000	nan	0.00000	0
1	nan	1000000000.0000	-1000000000.0000	nan	0.00000	0
2	nan	1000000000.0000	-1000000000.0000	nan	0.00000	0
3	nan	-999.4808	749.4638	0.9543	0.01867	0
== S-d
0	nan	1000000000.0000	-1000000000.0000	nan	0.00000	0
1	nan	1000000000.0000	-1000000000.0000	nan	0.00000	0
2	nan	1000000000.0000	-1000000000.0000	nan	0.00000	0
3	nan	1000000000.0000	-1000000000.0000	nan	0.00000	0
== S-e
0	nan	499.6740	1000.0000	749.8370	0.00033	0
1	nan	-999.9992	-499.8012	-749.9002	0.00000	0
2	nan	500.4996	999.9996	750.2496	0.00033	0
3	nan	-999.9995	-500.4555	-750.2275	0.00000	0
== S-f
0	nan	1000000000.0000	-1000000000.0000	nan	0.00000	0
1	nan	1000000000.0000	-1000000000.0000	nan	0.00000	0
2	nan	1000000000.0000	-1000000000.0000	nan	0.00000	0
3	nan	1000000000.0000	-1000000000.0000	nan	0.00000	0
== A-a
0	nan	1000000000.0000	-1000000000.0000	nan	0.00000	0
1	nan	1000000000.0000	-1000000000.0000	nan	0.00000	0
2	nan	1000000000.0000	-1000000000.0000	nan	0.00000	0
3	nan	1000000000.0000	-1000000000.0000	nan	0.00000	0
== A-b
0	nan	1000000000.0000	-1000000000.0000	nan	0.00000	0
1	nan	1000000000.0000	-1000000000.0000	nan	0.00000	0
2	nan	1000000000.0000	-1000000000.0000	nan	0.00000	0
3	nan	1000000000.0000	-1000000000.0000	nan	0.00000	0
== A-c
0	nan	1000000000.0000	-1000000000.0000	nan	0.00000	0
1	nan	1000000000.0000	-1000000000.0000	nan	0.00000	0
2	0.0162	-1.4480	2.3391	0.5255	0.14700	1
3	nan	1000000000.0000	-1000000000.0000	nan	0.00000	0
