$ 1 2.5e-07 100 50 5 50 5e-11
a 96 112 160 112 8 7.666666666666667 -7.666666666666667 1000000 0 0 100000
w 96 96 64 96 0
207 64 96 16 96 4 A_N1
w 96 128 64 128 0
207 64 128 16 128 4 A_V1
w 160 112 192 112 0
207 192 112 240 112 4 A_O1
a 96 224 160 224 8 7.666666666666667 -7.666666666666667 1000000 0 0 100000
w 96 208 64 208 0
207 64 208 16 208 4 A_N2
w 96 240 64 240 0
207 64 240 16 240 4 A_V1
w 160 224 192 224 0
207 192 224 240 224 4 A_O2
r 304 80 304 144 0 1800.0
207 304 80 304 48 4 A_V1
207 304 144 304 176 4 A_V2
c 384 80 384 144 0 1e-08 0.1 0.1
207 384 80 384 48 4 A_V1
g 384 144 384 160 0 0
c 464 80 464 144 0 1e-07 0.0 0.0
207 464 80 464 48 4 A_V2
g 464 144 464 160 0 0
l 544 80 544 144 0 0.022 0
207 544 80 544 48 4 A_V2
g 544 144 544 160 0 0
r 624 80 624 144 0 220.0
207 624 80 624 48 4 A_V1
207 624 144 624 176 4 A_O1
r 704 80 704 144 0 220.0
207 704 80 704 48 4 A_O1
207 704 144 704 176 4 A_N1
r 304 240 304 304 0 2200.0
207 304 240 304 208 4 A_N1
g 304 304 304 320 0 0
r 384 240 384 304 0 22000.0
207 384 240 384 208 4 A_V1
207 384 304 384 336 4 A_O2
r 464 240 464 304 0 22000.0
207 464 240 464 208 4 A_O2
207 464 304 464 336 4 A_N2
r 544 240 544 304 0 3300.0
207 544 240 544 208 4 A_N2
g 544 304 544 320 0 0
o 17 64 0 4290 1 0.4 0 2 20 0
