$ 1 2.5e-07 100 50 5 50 5e-11
a 96 112 160 112 8 7.666666666666667 -7.666666666666667 1000000 0 0 100000
w 96 96 64 96 0
207 64 96 16 96 4 A_N1
w 96 128 64 128 0
207 64 128 16 128 4 A_V1
w 160 112 192 112 0
207 192 112 240 112 4 A_O1
a 96 224 160 224 8 7.666666666666667 -7.666666666666667 1000000 0 0 100000
w 96 208 64 208 0
207 64 208 16 208 4 A_N2
w 96 240 64 240 0
207 64 240 16 240 4 A_V1
w 160 224 192 224 0
207 192 224 240 224 4 A_O2
r 304 80 304 144 0 1800.0
207 304 80 304 48 4 A_V1
207 304 144 304 176 4 A_V2
c 384 80 384 144 0 1e-08 0.1 0.1
207 384 80 384 48 4 A_V1
g 384 144 384 160 0 0
c 464 80 464 144 0 1e-07 0.0 0.0
207 464 80 464 48 4 A_V2
g 464 144 464 160 0 0
l 544 80 544 144 0 0.022 0
207 544 80 544 48 4 A_V2
207 544 144 544 176 4 A_L
r 624 80 624 144 0 220.0
207 624 80 624 48 4 A_V1
207 624 144 624 176 4 A_O1
r 704 80 704 144 0 220.0
207 704 80 704 48 4 A_O1
207 704 144 704 176 4 A_N1
r 304 240 304 304 0 2200.0
207 304 240 304 208 4 A_N1
g 304 304 304 320 0 0
r 384 240 384 304 0 22000.0
207 384 240 384 208 4 A_V1
207 384 304 384 336 4 A_O2
r 464 240 464 304 0 22000.0
207 464 240 464 208 4 A_O2
207 464 304 464 336 4 A_N2
r 544 240 544 304 0 3300.0
207 544 240 544 208 4 A_N2
g 544 304 544 320 0 0
r 624 240 624 304 0 18.44004975928614
207 624 240 624 208 4 A_L
g 624 304 624 320 0 0
a 96 512 160 512 8 7.666666666666667 -7.666666666666667 1000000 0 0 100000
w 96 496 64 496 0
207 64 496 16 496 4 B_N1
w 96 528 64 528 0
207 64 528 16 528 4 B_V1
w 160 512 192 512 0
207 192 512 240 512 4 B_O1
a 96 624 160 624 8 7.666666666666667 -7.666666666666667 1000000 0 0 100000
w 96 608 64 608 0
207 64 608 16 608 4 B_N2
w 96 640 64 640 0
207 64 640 16 640 4 B_V1
w 160 624 192 624 0
207 192 624 240 624 4 B_O2
r 304 480 304 544 0 1800.0
207 304 480 304 448 4 B_V1
207 304 544 304 576 4 B_V2
c 384 480 384 544 0 1e-08 0.15 0.15
207 384 480 384 448 4 B_V1
g 384 544 384 560 0 0
c 464 480 464 544 0 1e-07 0.0 0.0
207 464 480 464 448 4 B_V2
g 464 544 464 560 0 0
l 544 480 544 544 0 0.022 0
207 544 480 544 448 4 B_V2
207 544 544 544 576 4 B_L
r 624 480 624 544 0 220.0
207 624 480 624 448 4 B_V1
207 624 544 624 576 4 B_O1
r 704 480 704 544 0 220.0
207 704 480 704 448 4 B_O1
207 704 544 704 576 4 B_N1
r 304 640 304 704 0 2200.0
207 304 640 304 608 4 B_N1
g 304 704 304 720 0 0
r 384 640 384 704 0 22000.0
207 384 640 384 608 4 B_V1
207 384 704 384 736 4 B_O2
r 464 640 464 704 0 22000.0
207 464 640 464 608 4 B_O2
207 464 704 464 736 4 B_N2
r 544 640 544 704 0 3300.0
207 544 640 544 608 4 B_N2
g 544 704 544 720 0 0
r 624 640 624 704 0 18.44004975928614
207 624 640 624 608 4 B_L
g 624 704 624 720 0 0
a 96 912 160 912 8 7.666666666666667 -7.666666666666667 1000000 0 0 100000
w 96 896 64 896 0
207 64 896 16 896 4 C_N1
w 96 928 64 928 0
207 64 928 16 928 4 C_V1
w 160 912 192 912 0
207 192 912 240 912 4 C_O1
a 96 1024 160 1024 8 7.666666666666667 -7.666666666666667 1000000 0 0 100000
w 96 1008 64 1008 0
207 64 1008 16 1008 4 C_N2
w 96 1040 64 1040 0
207 64 1040 16 1040 4 C_V1
w 160 1024 192 1024 0
207 192 1024 240 1024 4 C_O2
r 304 880 304 944 0 1800.0
207 304 880 304 848 4 C_V1
207 304 944 304 976 4 C_V2
c 384 880 384 944 0 1e-08 0.2 0.2
207 384 880 384 848 4 C_V1
g 384 944 384 960 0 0
c 464 880 464 944 0 1e-07 0.0 0.0
207 464 880 464 848 4 C_V2
g 464 944 464 960 0 0
l 544 880 544 944 0 0.022 0
207 544 880 544 848 4 C_V2
207 544 944 544 976 4 C_L
r 624 880 624 944 0 220.0
207 624 880 624 848 4 C_V1
207 624 944 624 976 4 C_O1
r 704 880 704 944 0 220.0
207 704 880 704 848 4 C_O1
207 704 944 704 976 4 C_N1
r 304 1040 304 1104 0 2200.0
207 304 1040 304 1008 4 C_N1
g 304 1104 304 1120 0 0
r 384 1040 384 1104 0 22000.0
207 384 1040 384 1008 4 C_V1
207 384 1104 384 1136 4 C_O2
r 464 1040 464 1104 0 22000.0
207 464 1040 464 1008 4 C_O2
207 464 1104 464 1136 4 C_N2
r 544 1040 544 1104 0 3300.0
207 544 1040 544 1008 4 C_N2
g 544 1104 544 1120 0 0
r 624 1040 624 1104 0 18.44004975928614
207 624 1040 624 1008 4 C_L
g 624 1104 624 1120 0 0
r 816 80 816 144 0 11124.611797498106
207 816 80 816 48 4 A_V1
207 816 144 816 176 4 B_V1
r 816 240 816 304 0 11124.611797498106
207 816 240 816 208 4 B_V1
207 816 304 816 336 4 C_V1
r 816 400 816 464 0 11124.611797498106
207 816 400 816 368 4 C_V1
207 816 464 816 496 4 A_V1
o 17 64 0 4290 1 0.4 0 2 20 0
o 17 64 0 4290 1 1 1 2 64 0
