$ 1 1e-6 10 50 5 50 5e-11
a 96 64 160 64 8 7.5 -7.5 1000000 0 0 3000000
w 96 48 64 48 0
207 64 48 16 48 4 n1
w 96 80 64 80 0
g 64 80 64 96 0 0
w 160 64 192 64 0
207 192 64 240 64 4 o1
a 96 160 160 160 8 7.5 -7.5 1000000 0 0 3000000
w 96 144 64 144 0
207 64 144 16 144 4 n2
w 96 176 64 176 0
g 64 176 64 192 0 0
w 160 160 192 160 0
207 192 160 240 160 4 o2
a 96 256 160 256 8 7.5 -7.5 1000000 0 0 3000000
w 96 240 64 240 0
207 64 240 16 240 4 n3
w 96 272 64 272 0
g 64 272 64 288 0 0
w 160 256 192 256 0
207 192 256 240 256 4 o3
a 96 352 160 352 8 7.5 -7.5 1000000 0 0 3000000
w 96 336 64 336 0
207 64 336 16 336 4 n4
w 96 368 64 368 0
g 64 368 64 384 0 0
w 160 352 192 352 0
207 192 352 240 352 4 o4
a 96 448 160 448 8 7.5 -7.5 1000000 0 0 3000000
w 96 432 64 432 0
207 64 432 16 432 4 n5
w 96 464 64 464 0
g 64 464 64 480 0 0
w 160 448 192 448 0
207 192 448 240 448 4 u5
r 336 80 336 144 0 4220.0
207 336 80 336 48 4 o1
207 336 144 336 176 4 n1
r 416 80 416 144 0 1960.0
207 416 80 416 48 4 o4
207 416 144 416 176 4 n1
r 496 80 496 144 0 2430.0
207 496 80 496 48 4 o3
207 496 144 496 176 4 n1
r 576 80 576 144 0 1210.0
207 576 80 576 48 4 r
207 576 144 576 176 4 n1
r 656 80 656 144 0 40200.0
207 656 80 656 48 4 VCC
207 656 144 656 176 4 n1
c 736 80 736 144 0 1e-07 0.0 0.001
207 736 80 736 48 4 n1
207 736 144 736 176 4 o1
r 816 80 816 144 0 1800.0
207 816 80 816 48 4 o1
207 816 144 816 176 4 n2
c 896 80 896 144 0 1e-07 0.0 0.001
207 896 80 896 48 4 n2
207 896 144 896 176 4 o2
r 336 240 336 304 0 1800.0
207 336 240 336 208 4 o2
207 336 304 336 336 4 n3
c 416 240 416 304 0 1e-07 -0.3 0.001
207 416 240 416 208 4 n3
207 416 304 416 336 4 o3
r 496 240 496 304 0 1800.0
207 496 240 496 208 4 o2
207 496 304 496 336 4 n4
r 576 240 576 304 0 1800.0
207 576 240 576 208 4 o4
207 576 304 576 336 4 n4
r 656 240 656 304 0 1800.0
207 656 240 656 208 4 o3
207 656 304 656 336 4 n5
r 736 240 736 304 0 1800.0
207 736 240 736 208 4 n5
207 736 304 736 336 4 r
d 816 240 816 304 2 default
207 816 240 816 208 4 u5
207 816 304 816 336 4 n5
d 896 240 896 304 2 default
207 896 240 896 208 4 r
207 896 304 896 336 4 u5
R 720 400 720 352 0 0 40 9 0 0 0.5
207 720 400 720 432 4 VCC
o 62 64 0 4291 5 0.4 0 2 56 0
